Total number of detections: 46513 with a confidence threshold: 0.4.
Total number of detections for each class and average precision per class using a conf_thr=0.4
Class      AvgP       NrDet     
Fire       0.796      7533      
Other      0.661      32828     
Smoke      0.693      6152      

Total number of detections and average of confidence score between 0.9 and inf for each class.
Class      AvgP       NrDet     
Fire       0.915      402       
Other      0.914      175       
Smoke      0.915      234       

Total number of detections and average of confidence score between 0.8 and 0.9 for each class.
Class      AvgP       NrDet     
Fire       0.863      4579      
Other      0.851      7113      
Smoke      0.848      1633      

Total number of detections and average of confidence score between 0.7 and 0.8 for each class.
Class      AvgP       NrDet     
Fire       0.758      1146      
Other      0.759      6930      
Smoke      0.757      1438      

Total number of detections and average of confidence score between 0.6 and 0.7 for each class.
Class      AvgP       NrDet     
Fire       0.660      642       
Other      0.654      5876      
Smoke      0.656      941       

Total number of detections and average of confidence score between 0.5 and 0.6 for each class.
Class      AvgP       NrDet     
Fire       0.556      394       
Other      0.555      6065      
Smoke      0.555      896       

Total number of detections and average of confidence score between 0.4 and 0.5 for each class.
Class      AvgP       NrDet     
Fire       0.457      342       
Other      0.456      6423      
Smoke      0.455      970       

-------------------------------------------------------------------------------

Number of frames with internal mismatches: 498

Classes fire and smoke mismatched in 8 frames.
Class fire was predicted: 7 times in these frames.
Class smoke was predicted: 7 times in these frames.
Classes fire and smoke were mismatched in the same frame 6 times.
Frames in which fire were predicted to be smoke or vice versa: [631, 632, 633, 634, 635, 636, 637, 638]

Classes fire and other mismatched in 900 frames.
Class fire was predicted: 654 times in these frames.
Class other was predicted: 742 times in these frames.
Classes fire and other were mismatched in the same frame 496 times.
Frames in which fire were predicted to be other or vice versa: [49, 1771, 1774, 1775, 2726, 2727, 2728, 2729, 2730, 2732, 2734, 2735, 2743, 2744, 2745, 2746, 2747, 2764, 2768, 2769, 2784, 2821, 2822, 2823, 2824, 2825, 2826, 2827, 2828, 2917, 2918, 2919, 2931, 2932, 2961, 2962, 2963, 2964, 2978, 2979, 2980, 2981, 2982, 2983, 2984, 2985, 3000, 3001, 3002, 3004, 3019, 3034, 3037, 3039, 3040, 3041, 3059, 3060, 3061, 3062, 3063, 3064, 3065, 3066, 3067, 3107, 3108, 3145, 3146, 3147, 3154, 3155, 3156, 3157, 3158, 3159, 3160, 3161, 3162, 3163, 3164, 3165, 3166, 3167, 3235, 3236, 3237, 3238, 3239, 3240, 3241, 3242, 3243, 3244, 3245, 3246, 3247, 3248, 3249, 3250, 3251, 3252, 3478, 3479, 3480, 3481, 3482, 3484, 3487, 3491, 4766, 4769, 4771, 4772, 4773, 4774, 4775, 4776, 4777, 4778, 4779, 4780, 4781, 4782, 4795, 4797, 4799, 4800, 4801, 4802, 4803, 4804, 4805, 4806, 4813, 4814, 4816, 4817, 4818, 4819, 4820, 4821, 4822, 4823, 4824, 4825, 4826, 4827, 4829, 4831, 4843, 4844, 4846, 4847, 4848, 4849, 4850, 4851, 4852, 4853, 4854, 4894, 4897, 4898, 4899, 4900, 4901, 4902, 4903, 4904, 4905, 4906, 4907, 4908, 4909, 4910, 4911, 4912, 4928, 4929, 4930, 4931, 4932, 4933, 4934, 4935, 4936, 4938, 4945, 4947, 4949, 4950, 4951, 4952, 4953, 4954, 4955, 4956, 4957, 4958, 4959, 4960, 4961, 4962, 4967, 4970, 4971, 4972, 4973, 4974, 4975, 4976, 4977, 4978, 4979, 4980, 4981, 4982, 4983, 4984, 4985, 4986, 4987, 4989, 4990, 5001, 5002, 5003, 5004, 5005, 5006, 5007, 5008, 5009, 5010, 5011, 5034, 5037, 5038, 5039, 5040, 5041, 5042, 5043, 5044, 5045, 5046, 5047, 5048, 5049, 5050, 5051, 5061, 5064, 5067, 5068, 5069, 5070, 5071, 5072, 5073, 5074, 5075, 5087, 5088, 5089, 5090, 5091, 5092, 5093, 5094, 5095, 5096, 5097, 5098, 5106, 5108, 5109, 5110, 5111, 5112, 5113, 5114, 5115, 5116, 5117, 5118, 5119, 5120, 5121, 5122, 5129, 5130, 5132, 5133, 5134, 5135, 5136, 5137, 5138, 5139, 5140, 5141, 5142, 5143, 5144, 5145, 5146, 5147, 5148, 5157, 5158, 5159, 5160, 5161, 5162, 5163, 5164, 5165, 5166, 5169, 5170, 5178, 5179, 5180, 5181, 5182, 5183, 5184, 5185, 5186, 5187, 5188, 5189, 5190, 5191, 5192, 5193, 5194, 5195, 5196, 5197, 5198, 5199, 5200, 5201, 5202, 5203, 5204, 5205, 5206, 5207, 5208, 5209, 5210, 5211, 5212, 5213, 5227, 5228, 5229, 5230, 5231, 5232, 5233, 5234, 5236, 5237, 5238, 5250, 5251, 5252, 5253, 5254, 5255, 5256, 5257, 5258, 5259, 5261, 5262, 5270, 5271, 5272, 5273, 5274, 5275, 5276, 5277, 5278, 5279, 5280, 5281, 5282, 5283, 5284, 5285, 5286, 5294, 5296, 5297, 5298, 5299, 5300, 5301, 5302, 5303, 5304, 5305, 5306, 5307, 5308, 5309, 5310, 5311, 5325, 5326, 5328, 5329, 5331, 5332, 5334, 5335, 5349, 5350, 5352, 5353, 5355, 5356, 5359, 6463, 6464, 6465, 7755, 8310, 8311, 8356, 8358, 8359, 8368, 8376, 8377, 8390, 8391, 8392, 8395, 8396, 8397, 8398, 8399, 8400, 8401, 8402, 8412, 8417, 8418, 8419, 8420, 8421, 8422, 8423, 8424, 8449, 8450, 8451, 8452, 8453, 8454, 8455, 8456, 8457, 8458, 8459, 8460, 8461, 8787, 8788, 8789, 8790, 8791, 8930, 8933, 8937, 8938, 8943, 8944, 8945, 8946, 8947, 8948, 8949, 8951, 8952, 8953, 9014, 9015, 9016, 9034, 9036, 9037, 9039, 9042, 9043, 9044, 9045, 9046, 9047, 9048, 9049, 9050, 9051, 9052, 9053, 9054, 9055, 9056, 9057, 9058, 9059, 9066, 9067, 9068, 9069, 9186, 9187, 9188, 9189, 9190, 9191, 9192, 9193, 9194, 9195, 9315, 9316, 9317, 9318, 9319, 9320, 9321, 9322, 9323, 9324, 9325, 9326, 9327, 9328, 9329, 9330, 9331, 9332, 9333, 9334, 9335, 9336, 9337, 9338, 9479, 9480, 9492, 9495, 9496, 9497, 9498, 9499, 9500, 9501, 9502, 9505, 9506, 9507, 9553, 9583, 9584, 9585, 9586, 9587, 9588, 9599, 9600, 9601, 9602, 9605, 9612, 9613, 9615, 9616, 9617, 9618, 9622, 9623, 9624, 9625, 9626, 9627, 9628, 9629, 9660, 9661, 9662, 9663, 9664, 9665, 9666, 9667, 9668, 9669, 9670, 9671, 9672, 9673, 9674, 9675, 9676, 9677, 9678, 9679, 9680, 9689, 9690, 9691, 9692, 9693, 9694, 9695, 9696, 9697, 9727, 9728, 9729, 9730, 9731, 9732, 9733, 9734, 9735, 9736, 9737, 9738, 9739, 9740, 9742, 9743, 9744, 9745, 9746, 9747, 9748, 9749, 9750, 9751, 9752, 9753, 9754, 9755, 9756, 9757, 9758, 9759, 9760, 9761, 9762, 9763, 9764, 9765, 9766, 9767, 9768, 9775, 9776, 9777, 9778, 9779, 9780, 9781, 9782, 9783, 9784, 9785, 9786, 9787, 9788, 9789, 9790, 9791, 9792, 9793, 9794, 9795, 9796, 9797, 9798, 9799, 9800, 9801, 9802, 9803, 9804, 9805, 9806, 9807, 9808, 9809, 9810, 9811, 9812, 9813, 9814, 9815, 9816, 9817, 9818, 9819, 9820, 9821, 9822, 9866, 9867, 9868, 9869, 9870, 9871, 9872, 9873, 9874, 9875, 9876, 9877, 9878, 9879, 9880, 9881, 9882, 9883, 9886, 9887, 9888, 9889, 9890, 9891, 9892, 9893, 9894, 9895, 9896, 9897, 9898, 9899, 9900, 9901, 9902, 9903, 9904, 9905, 9906, 9909, 9910, 9911, 9912, 9913, 9914, 9915, 9916, 9917, 9918, 9919, 9920, 9921, 9922, 9923, 9924, 9925, 9926, 9927, 9928, 9929, 9930, 9931, 9932, 9933, 9934, 9935, 9936, 9937, 9938, 9939, 9940, 9941, 9942, 9943, 9944, 9945, 9946, 9947, 9948, 9949, 9950, 9951, 9952, 9953, 9954, 9955, 9956, 9957, 9958, 9959, 9960, 9961, 9962, 9963, 9964, 9965, 9966, 9967, 9968, 9969, 10037, 10038, 10039, 10040, 10041, 10042, 10043, 10044, 10045, 10046, 10047, 10048, 10049, 10050, 10051, 10052, 10053, 10054, 10055, 10056, 10057, 10058, 10059, 10060, 10061, 10062, 10063, 10064, 10065, 10066, 10067, 10068, 10069, 10070, 10071, 10072, 10073, 10074, 10075, 10076, 10077, 10078, 10079, 10080, 10081, 10082, 10083, 10084, 10085, 10086, 10087, 10088, 10089, 10090, 10091, 10092, 10093, 10094, 10095, 10096, 10097, 10098, 10099, 10100, 10101, 10102, 10103, 10195, 10196, 10336, 10337, 10338, 10341, 10343, 10344, 10346, 10351, 10352, 10355, 10356, 10357, 10358, 10359, 10361]

Summary:
fire was confused to be smoke for 7 time in frames : [632, 633, 634, 635, 636, 637, 638]
other was confused to be fire for 654 time in frames : [49, 1771, 1774, 1775, 2726, 2727, 2732, 2734, 2735, 2743, 2744, 2745, 2746, 2747, 2764, 2768, 2784, 2821, 2822, 2823, 2824, 2825, 2826, 2827, 2828, 2917, 2918, 2931, 2961, 2962, 2964, 2978, 2979, 2980, 2981, 2982, 2983, 2984, 2985, 3004, 3019, 3037, 3059, 3060, 3061, 3062, 3063, 3064, 3065, 3066, 3067, 3107, 3108, 3145, 3146, 3147, 3158, 3160, 3163, 3239, 3244, 3248, 3479, 3480, 3481, 3484, 3487, 3491, 4766, 4775, 4776, 4777, 4778, 4797, 4799, 4800, 4801, 4802, 4817, 4818, 4820, 4821, 4822, 4823, 4824, 4825, 4826, 4827, 4846, 4848, 4849, 4850, 4851, 4897, 4898, 4899, 4900, 4907, 4908, 4909, 4932, 4933, 4935, 4947, 4950, 4951, 4955, 4956, 4957, 4958, 4971, 4972, 4977, 4978, 4979, 4980, 4981, 4982, 4984, 4985, 4986, 5003, 5004, 5005, 5006, 5007, 5037, 5040, 5041, 5042, 5043, 5044, 5045, 5047, 5061, 5064, 5067, 5068, 5069, 5070, 5071, 5090, 5092, 5093, 5094, 5095, 5110, 5111, 5113, 5114, 5115, 5116, 5117, 5118, 5130, 5133, 5135, 5136, 5137, 5138, 5139, 5140, 5141, 5144, 5160, 5161, 5162, 5163, 5164, 5165, 5166, 5179, 5181, 5182, 5183, 5184, 5185, 5186, 5187, 5188, 5189, 5190, 5191, 5192, 5200, 5201, 5202, 5203, 5204, 5205, 5206, 5207, 5208, 5209, 5210, 5213, 5227, 5228, 5231, 5234, 5252, 5253, 5254, 5255, 5256, 5261, 5262, 5274, 5275, 5276, 5277, 5278, 5279, 5280, 5282, 5283, 5285, 5286, 5298, 5299, 5300, 5301, 5302, 5303, 5304, 5307, 5308, 5325, 5326, 5328, 5329, 5331, 5332, 5335, 5349, 5350, 5353, 5356, 6463, 6464, 6465, 7755, 8310, 8356, 8359, 8368, 8376, 8377, 8390, 8391, 8392, 8396, 8397, 8398, 8399, 8400, 8401, 8412, 8417, 8418, 8419, 8420, 8421, 8422, 8423, 8424, 8449, 8450, 8451, 8452, 8453, 8454, 8455, 8456, 8457, 8458, 8459, 8460, 8461, 8787, 8788, 8789, 8790, 8791, 8930, 8933, 8937, 8938, 8943, 8944, 8945, 8946, 8947, 8948, 8949, 8951, 8952, 8953, 9014, 9015, 9016, 9034, 9036, 9037, 9039, 9042, 9043, 9044, 9045, 9046, 9047, 9048, 9049, 9050, 9051, 9052, 9053, 9054, 9055, 9056, 9057, 9058, 9067, 9068, 9186, 9187, 9188, 9189, 9190, 9191, 9192, 9193, 9194, 9195, 9318, 9319, 9320, 9321, 9322, 9323, 9324, 9325, 9326, 9327, 9328, 9329, 9330, 9331, 9332, 9333, 9334, 9335, 9336, 9479, 9480, 9492, 9495, 9496, 9497, 9498, 9499, 9500, 9501, 9502, 9506, 9553, 9583, 9584, 9585, 9586, 9587, 9588, 9601, 9616, 9624, 9626, 9627, 9628, 9629, 9660, 9661, 9662, 9663, 9664, 9665, 9666, 9667, 9668, 9669, 9670, 9671, 9672, 9673, 9674, 9675, 9676, 9677, 9678, 9679, 9680, 9689, 9690, 9691, 9692, 9693, 9694, 9695, 9696, 9697, 9727, 9728, 9729, 9730, 9731, 9732, 9733, 9734, 9735, 9736, 9737, 9738, 9739, 9740, 9742, 9743, 9744, 9745, 9746, 9747, 9748, 9749, 9750, 9751, 9752, 9753, 9754, 9755, 9756, 9757, 9758, 9759, 9760, 9761, 9762, 9763, 9764, 9765, 9766, 9767, 9768, 9775, 9776, 9777, 9778, 9779, 9780, 9781, 9782, 9783, 9784, 9785, 9786, 9787, 9788, 9789, 9790, 9791, 9792, 9793, 9794, 9795, 9796, 9797, 9798, 9799, 9800, 9801, 9802, 9803, 9804, 9805, 9806, 9807, 9808, 9809, 9810, 9811, 9812, 9813, 9814, 9815, 9816, 9817, 9818, 9819, 9820, 9821, 9822, 9866, 9867, 9868, 9869, 9870, 9871, 9872, 9873, 9874, 9875, 9876, 9877, 9878, 9879, 9880, 9881, 9882, 9883, 9886, 9887, 9888, 9889, 9890, 9891, 9892, 9893, 9894, 9895, 9896, 9897, 9898, 9899, 9900, 9901, 9902, 9903, 9904, 9905, 9906, 9909, 9914, 9915, 9922, 9923, 9924, 9925, 9926, 9927, 9928, 9929, 9930, 9931, 9932, 9933, 9934, 9935, 9936, 9937, 9938, 9939, 9940, 9941, 9942, 9943, 9944, 9945, 9948, 9949, 9950, 9951, 9952, 9955, 9956, 9957, 9958, 9959, 9960, 9961, 9962, 9963, 9964, 9965, 9966, 9967, 9968, 9969, 10037, 10038, 10039, 10040, 10041, 10042, 10043, 10044, 10045, 10046, 10047, 10048, 10049, 10050, 10051, 10052, 10053, 10054, 10055, 10056, 10057, 10058, 10059, 10060, 10061, 10062, 10063, 10064, 10065, 10066, 10067, 10068, 10069, 10070, 10071, 10072, 10076, 10077, 10078, 10082, 10083, 10084, 10085, 10086, 10087, 10088, 10089, 10090, 10091, 10092, 10093, 10094, 10095, 10096, 10100, 10195, 10336, 10338, 10341, 10343, 10344, 10346, 10351, 10352, 10355, 10356, 10357, 10358, 10359, 10361]

Total number of frames affected by confused predictions: 661.
Total number of error predictions for all classes: 661.

Average FPS: 245
Average InfTime: 4.75ms per frame.
Total inference time: 50.56s for 10645 frames.
Video used for inference: /home/constantin/Doctorat/FireDataset/VideoTestFire/FireDay/VideoNightMixt.mp4
Weights used for inference: /home/constantin/Doctorat/YoloModels/YoloLib2/ExperimentalResults/YoloV7/train/exp_best/weights/best.pt