Total number of detections: 46137 with a confidence threshold: 0.4.
Total number of detections for each class and average precision per class using a conf_thr=0.4
Class      AvgP       NrDet     
Fire       0.772      7472      
Other      0.607      32888     
Smoke      0.673      5777      

Total number of detections and average of confidence score between 0.9 and inf for each class.
Class      AvgP       NrDet     
Fire       0.918      1723      
Other      0.901      1         
Smoke      0.921      265       

Total number of detections and average of confidence score between 0.8 and 0.9 for each class.
Class      AvgP       NrDet     
Fire       0.861      2493      
Other      0.845      4448      
Smoke      0.853      1440      

Total number of detections and average of confidence score between 0.7 and 0.8 for each class.
Class      AvgP       NrDet     
Fire       0.752      1000      
Other      0.744      5260      
Smoke      0.756      952       

Total number of detections and average of confidence score between 0.6 and 0.7 for each class.
Class      AvgP       NrDet     
Fire       0.651      1063      
Other      0.651      6120      
Smoke      0.649      958       

Total number of detections and average of confidence score between 0.5 and 0.6 for each class.
Class      AvgP       NrDet     
Fire       0.559      602       
Other      0.548      6597      
Smoke      0.551      1013      

Total number of detections and average of confidence score between 0.4 and 0.5 for each class.
Class      AvgP       NrDet     
Fire       0.444      585       
Other      0.448      10414     
Smoke      0.450      1144      

-------------------------------------------------------------------------------

Number of frames with internal mismatches: 225

Classes fire and other mismatched in 459 frames.
Class fire was predicted: 387 times in these frames.
Class other was predicted: 300 times in these frames.
Classes fire and other were mismatched in the same frame 228 times.
Frames in which fire were predicted to be other or vice versa: [60, 61, 98, 99, 100, 101, 316, 317, 383, 384, 960, 961, 1042, 1043, 1058, 1060, 1061, 1062, 1063, 1064, 1084, 1085, 1086, 1087, 1088, 1089, 1090, 1091, 1092, 1093, 1094, 1095, 1096, 1097, 1098, 1099, 1100, 1101, 1102, 1103, 1531, 1535, 1537, 1540, 1542, 1550, 1551, 1558, 1560, 1561, 1563, 1579, 1580, 1625, 1626, 1629, 1630, 1631, 1634, 1635, 1636, 1637, 1638, 1639, 1640, 1641, 1642, 1685, 1686, 1687, 1688, 1690, 1693, 1695, 1696, 1698, 1699, 1700, 1702, 1703, 1704, 1712, 1713, 1983, 1984, 1985, 1986, 1987, 1988, 1989, 1990, 1991, 1992, 2009, 2010, 2011, 2012, 2013, 2014, 2015, 2016, 2017, 2018, 2019, 2020, 2096, 2099, 2144, 2145, 2146, 2147, 2148, 2149, 2150, 2151, 2152, 2153, 2154, 2164, 2165, 2166, 2167, 2168, 2169, 2170, 2171, 2172, 2173, 2174, 2175, 2176, 2180, 2181, 2182, 2183, 2184, 2185, 2186, 2187, 2188, 2189, 2190, 2191, 2192, 2193, 2194, 2195, 2196, 2197, 2198, 2720, 2721, 3393, 3394, 3395, 3396, 5200, 5201, 5202, 5203, 5204, 5205, 5208, 5252, 5253, 5255, 5256, 5301, 5304, 5325, 5349, 5350, 5368, 5369, 5370, 5371, 5372, 5373, 5375, 5376, 6463, 6464, 6465, 7741, 7744, 7766, 7767, 7768, 7837, 7838, 8371, 8372, 8378, 8379, 8380, 8381, 8382, 8383, 8384, 8385, 8392, 8393, 8394, 8395, 8396, 8397, 8398, 8399, 8404, 8405, 8406, 8407, 8409, 8410, 8411, 8415, 8416, 8417, 8419, 8420, 8421, 8422, 8423, 8424, 8425, 8426, 8427, 8428, 8450, 8451, 8454, 8458, 8460, 8464, 9020, 9021, 9022, 9023, 9024, 9028, 9034, 9039, 9195, 9382, 9383, 9384, 9385, 9386, 9387, 9388, 9389, 9390, 9441, 9442, 9443, 9444, 9445, 9446, 9447, 9457, 9458, 9459, 9460, 9461, 9462, 9463, 9464, 9466, 9470, 9480, 9481, 9482, 9483, 9484, 9485, 9486, 9492, 9493, 9494, 9495, 9496, 9497, 9498, 9499, 9500, 9501, 9502, 9503, 9504, 9525, 9526, 9527, 9586, 9587, 9588, 9589, 9597, 9598, 9599, 9776, 9777, 9778, 9779, 9780, 9781, 9782, 9783, 9784, 9785, 9789, 9790, 9791, 9792, 9793, 9794, 9795, 9796, 9797, 9798, 9799, 9800, 9801, 9802, 9803, 9804, 9805, 9806, 9807, 9808, 9809, 9810, 9811, 9812, 9813, 9814, 9815, 9816, 9817, 9818, 9819, 9820, 9821, 9822, 9823, 9824, 9825, 9826, 9827, 9828, 9829, 9830, 9831, 9832, 9833, 9834, 9835, 9836, 9837, 9838, 9839, 9840, 9841, 9842, 9843, 9844, 9845, 9846, 9847, 9848, 9849, 9850, 9851, 9852, 9853, 9854, 9855, 9856, 9857, 9858, 9859, 9907, 9908, 9909, 9910, 9911, 9912, 9913, 9914, 9915, 9916, 9917, 9918, 9919, 9920, 9921, 9922, 9923, 9924, 9925, 9926, 9927, 9928, 9929, 9930, 9931, 9932, 9933, 9934, 9935, 9936, 9937, 9938, 9939, 9940, 9941, 9942, 9943, 9944, 9945, 9946, 9947, 9948, 9949, 9950, 9951, 9952, 9954, 9955, 9956, 9957, 10001, 10002, 10003, 10004, 10005, 10006, 10007, 10008, 10009, 10021, 10022, 10023, 10024, 10025, 10026, 10027, 10028, 10029, 10030, 10335, 10336, 10338, 10339, 10343, 10348, 10349, 10358, 10359, 10361]

Summary:
fire was confused to be other for 300 time in frames : [60, 98, 99, 101, 316, 317, 383, 384, 960, 961, 1042, 1043, 1058, 1060, 1061, 1062, 1063, 1087, 1088, 1090, 1092, 1093, 1094, 1098, 1100, 1531, 1535, 1537, 1542, 1551, 1558, 1560, 1561, 1563, 1579, 1580, 1625, 1626, 1629, 1630, 1631, 1634, 1635, 1636, 1638, 1639, 1640, 1641, 1642, 1685, 1686, 1687, 1688, 1690, 1693, 1695, 1696, 1699, 1702, 1703, 1712, 1713, 1983, 1984, 1985, 1986, 1987, 1988, 1989, 1990, 2013, 2014, 2015, 2016, 2017, 2018, 2019, 2020, 2096, 2148, 2149, 2150, 2168, 2169, 2170, 2171, 2172, 2173, 2174, 2175, 2176, 2180, 2181, 2182, 2183, 2185, 2186, 2187, 2188, 2189, 2190, 2191, 2194, 2720, 3395, 3396, 5200, 5201, 5202, 5203, 5205, 5208, 5255, 5256, 5301, 5304, 5325, 5349, 5350, 5368, 5369, 5370, 5371, 5373, 5375, 5376, 6464, 6465, 7741, 7744, 7766, 7767, 7768, 7837, 7838, 8371, 8372, 8378, 8379, 8381, 8382, 8383, 8384, 8392, 8394, 8395, 8396, 8397, 8398, 8399, 8404, 8405, 8406, 8410, 8411, 8415, 8416, 8417, 8419, 8420, 8421, 8422, 8423, 8424, 8425, 8426, 8427, 8428, 8454, 8464, 9020, 9021, 9022, 9023, 9024, 9028, 9034, 9039, 9195, 9386, 9444, 9445, 9447, 9460, 9461, 9470, 9481, 9482, 9483, 9484, 9485, 9492, 9493, 9494, 9495, 9496, 9497, 9498, 9499, 9500, 9501, 9502, 9504, 9525, 9526, 9588, 9598, 9599, 9780, 9781, 9793, 9800, 9801, 9802, 9803, 9804, 9805, 9806, 9807, 9808, 9809, 9810, 9811, 9812, 9813, 9814, 9815, 9816, 9817, 9821, 9822, 9823, 9824, 9825, 9826, 9827, 9828, 9837, 9838, 9839, 9840, 9841, 9842, 9843, 9844, 9845, 9846, 9847, 9848, 9849, 9850, 9851, 9852, 9853, 9854, 9855, 9908, 9909, 9910, 9911, 9912, 9913, 9916, 9917, 9918, 9919, 9920, 9921, 9928, 9929, 9930, 9931, 9932, 9933, 9935, 9936, 9937, 9938, 9939, 9940, 9941, 9942, 9943, 9944, 9949, 9950, 9951, 9955, 9956, 10005, 10025, 10026, 10336, 10338, 10339, 10343, 10348, 10358, 10359, 10361]

Total number of frames affected by confused predictions: 300.
Total number of error predictions for all classes: 300.

Average FPS: 219
Average InfTime: 4.80ms per frame.
Total inference time: 51.10s for 10645 frames.
Video used for inference: /home/constantin/Doctorat/FireDataset/VideoTestFire/FireDay/VideoNightMixt.mp4
Weights used for inference: /home/constantin/Doctorat/YoloModels/YoloLib2/ExperimentalResults/YoloV6/train/expm/weights/best_ckpt.pt